4818566245672648
6210774607415458
6004407627173653
2774630948645522
2054874952166107
8355271602341871
9129207618408664
3545072401880666
4497496526321361
6758449261156746
2363633513736392
4480981504022388
5333082125166932
5636893885203383
3367297321408593
9377308470281971
9215315320384565
1486879954996774
7273127735369865
3636126811524446
5682590590345370
8602240043821887
1686880588887453
7497109708496278
9322188542738138
9891272597495848
1452670765118620
3677785704078419
1427567613075994
1212326186994461
7174243277839964
6092431346193682
1780257027503519
1482168956366572
3466947306636290
7089184636576460
9090416252112401
9822896765677435
5304443959345292
4396383383070677
4150833833691306
9046742286940858
6679483277415169
7048054199265976
1031896675033866
7553302553153210
4292427529029401
2064557123865041
5750117487115093
3296417527622316
4669190312755553
3651971330945783
8924066002646325
9719839525098769
8677715671812425
6094486728841567
4684205531034757
5070634010399168
9167574107490485
2854365581291739
3099650122164800
9301161716092911
9973537671422107
8674385793489823
5884595615390739
2858483677133438
5951544456750585
4087291904182302
2529236532372047
4321405684434866
2466400893606257
1012264219297883
2616007676749478
8832154570358233
1940488715810826
8837897307382404
2191374209478741
3472662308715042
6649632337873562
2936412115817384
2565617959539594
9240734416642319
6666059241421091
4277300358847441
2823488691473534
9903685157059479
3879826378281264
4499312294659425
6963937800594814
9437572458711569
1294641910155947
4005233008955810
8882630972675740
6936717159005061
8204616358970110
2596311471323675
3155007214433909
4984320573028910
6896020027672967
9762517154255705