9842
9649
9385
9923
6282
5401
7621
6938
1490
6261
8907
4754
3773
3161
1133
1634
4960
6600
8907
8085
8231
4699
4414
4686
1531
6721
2598
9575
7712
9294
5974
3716
9109
3533
7588
8446
7239
2109
3329
6649
8019
8305
6454
1122
3376
9823
2141
1184
4851
7516
1613
2826
2305
4772
7281
9445
2040
7658
2623
6485
3666
6367
8431
8723
8430
9294
9233
9234
5023
5756
2105
1964
1590
6317
2666
8084
4868
1604
7002
2060
5673
6449
7782
5800
2413
9243
5038
3711
7899
6486
4753
9716
6877
1553
8826
8250
8587
3208
5155
6783
9290
7078
7103
2315
1444
4480
9925
6002
3791
5444
8737
6249
6347
4084
9226
4445
5316
8448
1073
6590
1818
6857
2162
3645
6472
3357
8104
2303
2850
1670
9617
6236
1716
9771
7042
4207
5845
6693
4693
8721
4276
8597
7693
6504
9276
6336
2804
7643
9707
4102
9665
8464
3824
9155
8471
3167
1296
6398
7867
2741
5659
5041
1958
3671
2354
8578
9583
7978
6265
6568
4305
9826
4987
3916
5049
4050
8851
2752
1869
8509
2441
8428
6249
5987
4507
6393
3415
9151
3805
6228
5317
8878
1804
5965
5310
8696
9403
7135
2975
7140
6613
8795
1102
7395
1415
7184
3827
1695
3021
8887
9009
2149
5211
4127
8513
9198
7125
1038
4340
2270
7994
2544
4037
4057
4790
1881
8506
2383
2359
2887
8109
6544
7566
3907
5569
1372
9463
3043
6853
6097
1444
6476
2527
6477
9449
1870
2207
8090
9712
7543
6248
1376
1571
5802
5891
4467
9302
5351
6429
3002
3216
4057
3105
8081
9817
4484
8501
3916
6475
9114
6650
8968
6566
9178
5613
6017
7120
1850
3090
8657
5534
3521
2236
1233
1884
2367
9098
6382
2051
3222
1793
1451
3099
2426
4559
7705
8840
2643
6056
6162
8496
9948
4092
7255
5381
3524
9456
3254
7748
8370
6410
2436
2956
4583
1260
1378
2326
1800
6328
8182
1345
1240
1955
5644
2710
2403
9014
9698
8976
7992
5991
4542
4233
2564
7097
9150
6882
9552
5124
9404
9756
9106
1302
4848
4952
4480
3802
4901
6125
5951
8354
9675
1784
4590
8330
5383
5082
8530
4305
2384
7210
6210
2328
5471
8996
8581
1142
2771
8133
4365
3561
4495
3519
6461
3527
2899
6818
2429
5174
9993
3892
7303
7994
9224
6442
8767
9639
6560
1665
9325
5124
3353
3602
2915
1838
6953
3580
4267
4051
1891
9460
9808
3489
9100
2586
4306
3492
3473
7650
9385
3782
1684
8602
8139
1958
5987
5130
2406
4974
6854
3955
1110
3348
4094
7607
7582
9901
7561
2661
9113
1706
6916
3129
8441
2883
9429
7571
6034
8161
1210
7294
7340
9939
8870
7569
7979
6670
1712
2012
4003
3141
2670
2475
8303
6419
1762
1101
9808
5827
1720
2104
8719
1764
7834
4579
8102
5824
7270
1414
7779
5554
2681
6632
8516
1779
3264
3260
6392
6224
5004
5683
9181
6330
3548
9614
8349
7674
1139
4565
9797
5489
1521
7646
1329
5052
2205
1585
2873
5188
2456
6931
5881
6902
3195
7465
5903
1464
8478
5252
9347
5012
1181
1045
7624
2709
3852
9890
3923
6175
7321
8430
9532
5956
4079
5593
3034
5337
8985
6664
6611
4117
8631
6980
9761
9898
3767
9986
3490
8493
5326
2054
2042
1024
8836
2203
5025
5035
6822
1320
5522
6514
4123
4453
3017
8346
5948
3281
5814
6484
6355
7434
1060
5745
3731
4208
4683
8788
9770
4156
7806
5216
5097
8059
9334
7597
2051
3805
7998
2524
6802
6847
1108
4264
3992
8203
1344
3456
8095
2101
3272
4318
3486
2864
4975
7279
4969
1807
9803
7543
9056
1045
9439
6723
9270
8427
1172
1808
7189
1174
8915
2532
6659
1294
7342
8553
4610
1704
3922
7644
8204
3491
6666
4421
1501
7119
4295
4480
2401
7954
7768
6118
6074
8351
1857
6969
2236
4776
7392
2886
6011
3706
6496
3091
5970
1779
3890
7123
7353
5934
6496
5413
6428
9527
2850
2108
6871
8358
3170
1859
3424
2113
2085
4276
1215
3958
7104
1065
6400
1186
8058
6558
8246
1638
2733
1997
2738
6017
7753
4550
5467
8403
1005
8800
1973
5550
5322
9695
3455
8575
7969
3979
7621
8907
3090
2082
8587
3073
5251
4375
9706
5119
7828
2207
4257
5252
4462
3833
3743
7987
7007
3249
5233
8704
7202
5381
7447
2886
4015
7758
3623
8895
8153
3807
6413
7125
9481
2543
3738
9757
6002
7835
4899
2657
5208
5445
5018
4162
4483
9097
3683
4907
6429
7240
3164
6543
7038
2405
3319
1055
5928
1749
5241
2636
3744
9692
8282
8453
3647
3458
7528
6206
5292
5675
3671
4355
5812
2643
1368
7239
6471
1382
9442
2554
9087
9881
1771
2211
1970
7384
5826
1756
1147
2210
2885
4430
3445
9309
6863
2259
3811
8571
4468
8090
9359
3739
7730
5582
2341
9533
1148
4307
3948
9234
3543
9110
5155
6788
1344
7073
7951
2707
9223
3042
2159
4422
4178
1352
8359
1665
8823
1158
5357
6785
5948
3348
7470
4049
1588
2638
4040
4823
9810
7412
4410
9982
1982
4710
7830
4742
4931
2715
1611
1331
4201
9044
7030
6165
5362
5065
7311
9983
6711
7363
6742
5801
8996
2139
1304
4392
6711
9039
7419
2775
2965
6060
7647
3585
5412
5493
7792
2066
6632
4935
4564
8616
6990
6054
6015
1946
9821
7214
6199
3758
3928
3965
1510
4567
7392
6463
7291
4799
8022
5944
5618
4274
4097
6286
5669
5998
9072
2878
1159
6856
3487
8846
5621
8769
3100
5379
9724
9824
5237
4589
2703
9794
9134
6901
5083
8244
5680
3615
4950
6241
5966
4262
7309
7847
3645
3893
7390
2088
6125
6995
1318
2943
5372
8174
3773
5241
2947
7096
9474
4600
8644
1662
7143
7644
1795
9358
9078
4469
2984
3717
1010
1438
4209
3784
7633
8849
3253
6412
3279
1060
8671
9810
7748
9734
7291
1716
4336
9157
6527
4604
5235
4536
3675
9780
5872
3929
8769
6911
3694
9802
3607
4685
4712
5016
1883
9673
1563
6028
1270
4282
9299
3652
5813
5510
8424
6541
8683
3418
7836
8087
6677
1810
7680
3802
8837
9922
1568
1978
8060
8641
9103
1398
2308
6745
8315
1830
8884
8710
9949
9888
3459
1313
2930
5176
1962
7084
3049
7616
9536
4809
9592
5826
2868
4443
1196
8098
4149
9870
3721
6790
5432
9576
5163
4700
4654
2089
1218
3560
3774
8445
6399
5481
4130
8473
4078
7123
5617
4765
5252
8544
5458
6767
5889
2197
1721
2200
5222
9424
5797
9769
5473
9508
1490
2224
6300
5994
2239
7249
5255
9287
1126
1644
7095
3393
1910
9546
5077
9452
4004
8123
3513
2087
8209
9179
1430
9459
6772
4848
2276
4135
9238
2288
5673
3405
6258
8707
2282
9487
4126
3838
6256
6077
2169
2394
4364
2192
4827
5699
5431
7242
5154
2860
5684
7658
7871
2590
2877
9117
9153
8715
6132
3291
7120
2628
3689
9735
1514
6826
2270
6399
6536
9936
6092
5276
9352
8426
4337
8763
1902
2338
9222
9340
3671
2328
1514
1568
6108
9456
4727
7194
3727
3797
9859
4614
2221
1467
1781
9359
5200
3487
5721
9878
3594
7320
1810
1730
9260
7635
1136
3734
3260
8892
3349
8751
5176
1148
2824
8966
4348
9467
9636
2423
2108
5322
9832
8453
4948
3746
1591
2904
3777
2985
1975
1422
3886
2605
2067
2798
1776
4966
9939
5345
4297
7370
2648
6095
3189
2099
3061
8751
1807
9993
9155
1782
1845
6642
5766
6450
8551
1822
2576
9620
8433
4715
1524
5099
4665
1180
7764
8646
6120
7321
3677
1679
6185
5928
2531
6036
1111
8914
6622
6831
9521
2324
4975
1829
2352
3787
1270
1135
2584
1370
3671
7037
3372
5295
2944
5561
1548
6162
2089
4445
3032
1900
4535
7824
5669
7668
2512
1502
4221
7442
1988
9450
7466
1374
4397
2984
4470
6326
3643
3685
3727
3267
1645
5158
8186
4912
8998
7839
8855
2221
4354
6737
2853
3685
8657
3936
5552
6690
3798
1477
3062
7796
6031
8155
5989
7017
3032
6106
7169
8591
3368
3959
1858
2777
5760
1167
6788
3049
5862
3918
9013
5356
6348
4117
8525
6407
4916
9276
8114
4168
9883
5990
7327
7284
3737
7727
9477
6647
8090
8305
7606
2930
6125
1726
2447
4203
9241
5531
8179
9830
4183
3560
7491
3271
4547
9947
1420
5466
3037
1927
3233
3169
7178
7616
9914
3232
7074
6794
1457
2218
8661
4087
3615
7522
6190
5724
8338
8264
9918
3758
7402
4993
1158
5010
4358
3280
8058
6432
1727
3988
2843
7527
6745
9035
6449
1203
6373
7825
6665
7120
4360
2108
6941
2023
1745
6933
1942
9702
2703
3709
6020
1546
5310
6754
5086
5877
8617
4907
7855
1499
3615
8047
5840
7406
3522
9229
8463
3625
6279
4855
2157
2816
2187
7975
1184
7089
3460
1078
5490
1218
2819
9865
3607
5412
3975
3817
3934
7603
9090
9277
6278
1465
6410
4354
9463
8950
1921
1391
3475
5503
7188
1323
3371
6377
6898
5333
6209
7109
6431
9121
8106
1300
8722
6701
6140
1757
1368
7729
7914
8105
4418
7590
9639
4563
5247
9809
2774
5296
6870
4087
4364
9244
7992
9997
9514
6009
1706
5101
6592
6191
3479
4076
7364
8713
2895
5068
3452
1846
5861
5126
8649
9469
1773
8935
2777
1542
8889
3899
1019
9074
3996
1612
1702
4284
6288
2160
6243
3011
4196
1094
2280
7986
7204
7924
7324
8893
7446
8432
9615
8581
6506
8836
6692
5229
4197
6365
5129
3796
1318
7788
3178
5881
1707
6116
9027
4197
5683
5916
2310
2512
5978
2804
6538
1193
3698
2051
4754
4505
6628
6822
2768
1974
1909
6304
6121
2667
5862
4525
7117
5032
9333
6057
9701
4823
4143
1654
3012
8935
5105
7714
5554
1228
8279
5763
1859
5365
4418
2973
5362
6760
8502
8782
4173
2741
9562
8554
7844
7858
8277
5169
9992
8659
4828
1429
3628
7177
9786
4497
9872
1932
6346
2735
5307
6809
8399
3512
6216
9959
5643
2651
4769
7254
4409
9239
7129
4629
5776
6501
8291
1227
7754
9005
4964
9972
1297
9324
5341
8833
4387
4439
4597
9343
8468
5528
1283
2592
8042
2169
8119
1279
2889
6978
9211
4082
7233
1638
7142
9457
1090
5464
6983
1182
6278
1813
5922
5315
8485
9722
6085
4032
5709
8238
7008
9381
9955
8038
7793
6694
6086
3684
8842
2912
7925
9762
1252
5773
1952
7233
3583
9041
1868
1980
5822
9679
4721
5694
7211
4179
9591
3052
4330
1342
4793
9857
4592
6629
8272
8007
7147
1560
2013
4331
2983
9537
6845
8370
6837
1945
3842
1455
4222
9249
8113
5598
2008
2204
4271
3658
8869
2803
1694
3957
2664
2218
5907
2867
9653
5171
4216
3651
5752
4769
5977
4421
5726
1432
7194
6967
5558
2710
1598
8145
1312
3066
9904
7979
4461
7000
2703
1715
7608
1170
1162
4770
2772
2473
6318
3458
8438
4682
4597
1979
3064
3758
6868
1255
9256
4946
3028
6375
8833
7243
2139
5113
8471
2485
2080
1919
8806
6576
9575
6227
4671
4749
6234
8776
1239
8242
3359
3718
7851
6570
5202
9278
3752
9279
3142
6521
6318
7707
1774
2696
1434
8376
9862
1278
6749
5563
5651
3723
6230
2557
4801
5291
7324
8801
1803
8779
5841
2935
4690
9510
5213
7430
8381
7762
3198
5259
7741
8782
9890
2793
7906
5781
9199
3918
9796
6661
6546
6085
7082
2927
6765
4163
2589
6954
1418
3890
9733
4205
7211
8506
7067
9642
3471
6136
9468
1756
9501
3081
2456
3021
9915
6072
7032
3822
7811
6839
4194
8832
8660
7935
8306
8545
9644
3173
6863
3060
2130
6705
5177
7265
2112
2514
5418
1100
5895
3864
5878
6551
7699
8375
5884
9435
6223
5240
1801
8607
9752
2918
1555
7928
2058
5662
6189
5948
1737
2111
9853
2438
1147
4253
6719
1827
4856
6219
9160
2561
7216
2638
5905
4562
4676
6473
1779
1863
4733
3813
1582
8263
7671
5116
3996
5499
3945
7282
8861
9642
7530
2742
1200
2107
8684
5230
8177
8847
7621
2434
7547
9069
9057
5739
5613
5191
6989
6100
3774
7310
6575
4266
6492
4114
5811
7123
3298
6415
8295
8547
8398
6581
5990
7181
9309
7365
4190
8781
5324
8635
5194
9968
7597
1163
9736
4856
1871
6631
8942
9723
2908
2303
8808
3033
5572
2940
5940
9385
6549
5867
3495
1332
6100
1667
3846
2194
9529
1563
2137
8173
9591
1437
6654
7901
8652
7701
7424
2042
1677
2856
9972
5636
6896
6215
4330
4541
5190
9325
3135
7036
4454
2619
3655
4978
4134
2081
7785
4521
3305
6664
9808
8510
1347
3795
3777
3882
7584
5474
2425
2256
3026
2099
9262
8819
4913
5748
8153
6524
2635
5673
4257
8423
3821
1318
3662
6734
3400
5730
8910
1015
5835
6551
4796
6092
2213
2523
8294
6692
7360
2903
3234
9371
6148
4642
6097
8448
9692
3733
3477
4680
5672
8246
2235
7145
2546
4580
2239
9898
7574
7275
3976
4890
7607
8385
6849
2110
2537
7782
9895
9988
1217
8617
3372
3939
5216
9301
6606
8595
5325
7817
4767
3735
1639
7317
8446
5783
5939
4102
2842
1403
1961
3637
7857
3132
6901
3678
6516
4816
1316
4313
1761
2216
6504
6564
8160
3466
8698
4490
9586
3983
3699
8086
3845
8580
8852
1035
8896
9669
4564
1201
7641
7440
6384
6311
3690
9702
7509
9881
2060
2715
5645
3516
2085
6697
8696
2172
9750
4029
5028
3109
7844
3783
8842
8983
8557
3601
4487
2983
5119
8345
7896
9876
5379
4131
3871
4844
4596
1973
6519
6686
9093
6997
3176
8190
5456
3889
5894
9468
9700
9261
1976
7270
4454
2344
8714
5278
4643
2826
3005
6736
1889
6355
6688
8093
8384
9016
8214
7461
3373
1340
2032
6363
6616
8890
4599
5411
4979
1008
5773
1254
3177
8081
6246
6705
5594
3901
7090
3503
4238
6387
6256
4546
6756
9003
5446
2704
7228
3734
7852
2445
8506
9100
3162
2116
4291
8457
4779
8773
6334
7695
9818
8431
7510
7290
2595
1190
6932
2170
2174
2375
7804
4413
2846
9578
7218
1813
2535
8539
7158
7259
1819
1016
1287
6796
3398
4954
5033
1272
2923
6946
9793
2567
2948
3757
9252
2174
1253
3550
8692
6148
3106
2011
1359
1086
8090
5366
1635
8726
4077
2123
1149
4451
9297
2834
2111
6738
9481
3299
4156
3439
8199
5680
1688
7353
9046
3382
8607
3810
1891
5321
7745
6787
6667
3704
1478
2240
7120
2799
6637
9901
9030
7090
5253
4674
2368
8303
9420
2082
2686
6412
3959
9576
6242
1190
5546
2244
7579
9955
5872
3449
7152
6008
5035
4463
5348
9712
6668
3488
5702
6077
7753
1141
6954
1767
3938
1219
5092
9410
9662
4457
1070
8172
2919
8231
9442
8081
7694
6280
5819
6641
7171
7503
9943
4474
6091
7353
4769
4932
8820
3645
2205
9060
2504
6406
3402
3163
1662
2647
7012
1487
7340
1891
7228
3421
7878
9560
8251
7169
4775
4085
9752
6938
9156
3157
3372
5477
9457
8835
9998
8723
8786
7182
8505
8015
1478
5820
6425
1279
8874
4315
7100
1673
9345
1609
7385
6836
7916
2166
3503
6262
9316
1693
8207
8116
8376
5432
4991
3401
5763
5370
1977
6157
8873
5741
5590
8812
1552
8850
7797
5731
3910
2484
1006
4564
8098
8149
2991
2232
4793
6225
9378
9916
4888
2020
8333
1345
9334
8634
1865
2530
6579
9241
2768
5849
1602
2226
3882
6772
1901
6931
6478
8131
7147
1515
8819
7392
8365
5343
2915
8423
6113
8243
9855
4212
5059
7096
9374
6989
6622
2179
7627
6761
6121
1790
6229
4214
5656
2772
2083
2671
7326
5858
5555
1618
3293
1246
2377
6590
7992
4962
1224
8447
1938
5890
2273
3643
1840
1734
4569
5593
9050
2007
9760
6221
5710
5337
9996
1318
8763
7631
3584
4102
4407
3128
7787
3014
4203
5596
9987
5231
5827
8856
8643
9976
6981
1775
9327
9542
4136
2156
4641
4736
9865
4179
4347
8764
4617
2932
5467
4235
8068
5422
2032
6292
2922
2277
6487
1856
5946
3765
7834
8260
5962
7555
8106
4314
6293
5111
4821
2431
2498
8425
6863
6102
9668
9938
7752
5438
6305
4232
9977
8444
7855
9661
7661
8345
2379
5957
8058
1709
4207
9044
3636
6858
1732
6891
1563
4874
7159
8889
4690
4125
9998
2860
5834
7949
7288
7726
7515
3230
5584
4537
8626
1123
6214
6032
5277
4784
5002
3100
9774
8668
2341
7276
4572
6451
7781
8025
7966
8429
7510
4152
7374
3371
9044
1754
7379
8162
1302
8319
8495
3087
9608
9523
1431
3392
6443
2288
1858
6718
9912
3081
8587
4652
7070
4286
5992
2700
2849
4803
2938
4854
9563
5281
9757
5481
5143
8327
1907
7743
2056
5607
7607
7339
8720
1403
2480
1101
2384
5254
6135
6382
2172
5031
2877
7485
2517
8740
9264
9448
1371
4009
3394
6872
3263
8271
2110
6616
4791
3181
6137
9547
2413
2396
5690
9529
6835
3476
5720
7361
2942
6963
2063
7347
3088
9279
6025
3549
5958
6699
7257
7092
5040
8778
6979
5321
7245
3391
9506
7188
3682
4745
7670
2159
2064
6609
8303
6539
4566
6366
6320
3387
7439
4312
8894
1431
4097
8696
5500
1628
8560
3231
9453
3176
6057
4049
6759
3462
8732
6331
1162
1072
4313
6854
3705
5140
5479
1620
2321
4327
9767
7078
6318
1918
9857
1128
8883
3806
5936
2719
8055
5440
6214
5646
2490
1744
7825
9915
7768
6050
8997
7373
2911
5667
9146
8355
9014
3131
6516
7255
1010
8645
6100
6450
5377
9675
4427
6742
7651
5522
2917
8092
1665
3362
3463
9468
7022
9143
5594
7992
9596
5846
8329
5260
8256
7913
2153
6395
8061
2137
3449
6796
4453
6130
3625
9029
4179
7392
2629
8356
3144
6984
7537
8638
5001
1174
1678
6068
2468
6202
1408
8573
2417
7608
5823
6475
3399
3024
9386
1177
8615
4279
2347
7285
4926
6766
4175
8129
7833
4983
8205
5366
6446
9044
9974
2596
8269
5935
9861
3396
6091
4933
9611
8320
8068
2422
3445
5908
8993
9530
2301
7966
1603
4238
5749
2693
7733
3558
7813
7914
6590
5924
2748
2019
6495
2931
2592
6283
5441
3823
4199
6231
9528
7649
9671
1265
4268
5221
1808
5694
7384
9395
8347
9629
9925
8262
7314
4816
7884
6128
4959
4181
3248
4339
7579
3566
3903
8252
7855
7171
3707
5449
3639
6592
8814
9179
3589
4569
9551
9255
6843
8130
5237
4218
6355
4645
8415
3574
7857
7025
8713
2192
9639
4303
2670
3979
6948
3961
5531
9767
3924
8582
7933
4687
6094
7604
7315
3494
9032
9055
4549
1861
9488
1633
3547
5500
7217
3827
3685
5617
7928
3173
4634
5018
6683
3218
5671
7364
5194
4522
5053
9514
4278
2423
2092
8115
3106
2937
7699
8761
6966
4129
2216
3416
3408
8998
6523
9875
8466
2351
3460
3182
4492
5698
6281
1732
6975
4471
5686
9691
7333
5129
4046
8572
4512
4455
5865
8695
2877
8931
9918
7121
9346
4399
6629
5928
5999
5625
5051
7656
2345
5694
6829
1753
2273
9128
5716
6215
2893
9536
7988
8959
5052
2568
8634
2049
3795
3159
8776
1357
7361
2579
1885
6204
9635
7571
7942
7135
4998
1290
2751
1668
8970
2676
3672
6592
2932
5137
1412
4298
4627
7179
3610
4199
2778
2436
6865
2073
2574
4712
8692
5152
7335
4551
3248
5866
7285
3632
1514
9049
3675
3245
3428
9324
9240
3788
5915
4692
7023
1356
7702
2113
7636
7951
5937
4492
7460
9481
7028
8654
4771
8569
8683
6107
7600
7722
5155
7976
9933
7493
8474
9635
7385
2614
1490
2270
8606
7040
1692
5992
2046
6297
8255
4236
8616
5512
8409
1777
9700
9338
8304
5153
6413
9452
9118
6486
8133
2932
8325
4879
9804
9746
3846
3514
6439
6109
6720
6811
9596
4269
8312
2687
7765
9083
4867
2033
2555
8774
2688
9491
8812
2365
2993
8975
4504
3662
5653
3766
2463
1022
5529
6874
8208
7348
4475
5199
7944
4570
5908
8846
3485
3641
1950
3146
9074
9442
3584
6280
8050
5090
1451
8530
8058
1735
3373
4493
5912
1765
2205
5651
4996
5907
6379
2268
7569
7487
1042
2821
3304
1594
4438
7727
5109
2179
7102
7025
4452
8397
2908
6677
1192
6279
9505
5364
4941
2196
5427
5341
7599
9959
5816
3412
6822
8182
8163
6235
7229
6339
8639
9500
3618
3462
6587
4677
5063
9008
2066
1023
1160
6783
8276
6798
2966
6843
2126
8281
7187
3988
2647
3399
1353
8147
9620
7447
5508
3931
8641
9874
2744
7506
9108
6004
4551
6557
8188
3927
7694
8327
3446
9474
3959
8138
7554
6457
6183
2814
8439
7476
7773
1732
6207
6913
7226
6176
8672
2645
6600
1639
7031
5075
8678
7162
6783
2699
4239
1394
1296
6745
3012
7455
1223
2321
1594
7476
4031
3407
4463
2851
2376
6918
2058
6671
9693
5758
8067
8947
8036
3585
6113
7618
5885
5236
3309
1135
4203
2083
8815
1334
4409
8092
3543
9541
8727
5156
4938
8896
8318
1793
7684
5974
7182
4480
2934
7978
7627
6633
4490
2552
6665
7406
9272
5628
4907
8668
3852
4063
1928
3796
8529
2893
4097
6173
7166
7080
1980
6675
3138
7242
1851
6196
8042
8802
8941
8877
8679
6557
4138
7646
3978
2610
8609
6180
3803
5269
2865
3109
8466
1458
1482
8522
8840
3800
8660
3746
3348
2238
4403
3892
3492
3982
5267
9064
6668
4405
5899
1691
5860
5143
9891
1355
6032
1317
5413
5917
8614
8007
1337
4787
7068
4133
6606
2848
2770
8112
3510
2856
5713
8153
4112
2614
8404
1018
3698
7218
1056
2674
9545
1101
4390
4317
8976
6236
2182
8309
5790
1342
3954
3091
1326
4065
2852
2891
8040
1169
6333
3409
4331
1140
1341
6437
6027
7377
8582
9832
9541
4845
6030
6335
4345
1980
9441
6722
5614
6785
5292
4448
7071
1273
6157
2709
4857
2757
8475
4338
1174
6659
2146
6666
6961
2808
7305
1643
7195
9391
8386
6467
4769
6391
3921
7977
5082
6897
9247
1184
7765
7794
2162
5366
7507
1386
9082
7286
6059
3125
7038
3001
5124
9601
2378
1183
4299
5029
1918
9818
1884
1130
7491
6923
6595
8178
2307
1365
4493
9817
9552
8022
3402
5385
5068
1835
5119
9592
6819
2901
1735
6340
5403
8326
2541
5899
5907
1987
1706
7683
1801
3671
4016
9457
6794
1965
3088
1271
5687
7094
3078
1021
7277
5471
6357
8287
6932
5934
6546
3741
4793
3133
7724
2329
7165
3160
4173
6402
2111
6085
8715
3527
1193
9161
5024
5952
9519
3027
4206
6788
6046
2287
3340
1208
9308
4322
2831
9904
5757
3758
2386
3104
4603
9746
2910
9910
8169
6296
2818
7029
1216
5722
6964
7525
3753
4080
9327
4431
3947
9669
8308
2187
7574
1840
4989
4818
9306
3404
3023
6671
8325
3843
9426
9711
4889
2991
5404
9635
1923
6715
9560
3181
4561
4380
7274
2920
7178
2742
9938
1629
6847
6412
7156
8652
2435
1201
9019
5394
8828
1831
8435
1238
8921
8846
5701
3272
2605
1484
8126
8412
1878
4356
3972
8042
3545
8025
6892
8581
1853
7118
1058
6778
8537
6011
9820
6113
6008
6308
1537
3231
9600
8327
5983
2987
7981
6105
1000
4020
1121
1830
8465
8254
1065
9249
7678
6732
7492
9035
5653
5743
2606
1131
1289
8814
3017
3500
6164
1081
5562
2816
5310
7220
9328
9903
8686
6321
5135
3593
1104
9028
7907
2516
1983
8665
9026
2036
6276
1861
8192
5349
4789
4921
1426
9100
3236
5003
9926
3269
6973
5443
4564
3499
5464
3018
8726
5837
1876
6691
7816
6161
3652
6730
1611
7449
6143
2947
7659
7791
3774
6386
8461
8693
5302
6034
4800
5534
7468
1942
6605
8873
3477
3831
3792
7891
2492
9602
1060
7625
8395
2517
3969
3709
1160
9363
7303
4891
1043
5701
4859
5897
4797
9732
1243
4531
1468
3025
7439
9903
8811
3421
8913
1460
5850
3125
2743
8068
2454
4522
9085
4275
7010
8552
1054
6695
1493
5110
9271
1306
3446
3274
9571
3414
6855
6499
5725
8981
5319
3236
1260
9513
5589
3619
2812
3680
2554
3765
4922
3670
3965
6808
6558
3892
2114
9417
6385
8755
5728
4086
8398
1216
2400
7939
6895
4987
3741
8845
1943
7268
3035
3147
4255
2106
7335
9644
4157
2497
7899
6000
5971
9943
8060
6888
7312
8632
5774
6062
8396
2889
2972
3163
4805
8524
6122
3588
4063
2709
4419
6373
6089
3004
9678
9035
6540
6228
1845
9529
2379
4719
7020
1960
4492
1788
5209
2257
8343
3764
6431
4589
2183
7166
2845
6614
8999
1697
3989
5403
1548
7292
4293
1687
4322
1097
9191
9260
2415
3170
8221
1850
6097
4791
4160
9788
1724
8916
6725
3943
8222
7063
3599
4399
1669
2455
5545
7037
8675
5587
3817
2424
7946
1743
1790
9632
1685
1619
2642
7794
9434
9914
8591
9403
2774
3914
9332
5863
5478
4919
5680
5018
2842
1260
2032
6211
5070
2447
2636
7274
4470
6245
4228
2051
8512
2127
6939
3107
7014
4929
7383
4789
9413
8859
7236
2153
9233
7632
8783
3848
2056
9356
8600
9446
3876
6205
3793
8224
5631
4664
7881
8779
6648
9769
7625
7136
1648
6804
4217
6400
1694
7013
7277
2524
7136
4851
3659
9499
3509
3379
8958
5022
9142
9142
5892
2339
2365
8838
5007
8339
5177
1006
6189
3932
1925
3665
6932
3108
7680
8797
6807
7192
4867
2730
6590
8105
7089
5898
2891
8935
4736
6388
5431
3272
5161
4746
3184
7807
9671
9498
1126
9333
1629
1667
6551
8391
5485
6090
1376
3473
4052
5422
4487
1064
5645
8606
2062
9134
3591
2057
5773
1759
4473
5572
4748
7408
3290
3862
2830
2414
7251
1218
7581
1884
6863
4620
1648
3300
1125
7994
5766
9184
8040
1908
9309
6046
1482
1268
8197
7191
7493
8441
4779
5197
5045
4648
8422
5190
2118
6183
6468
4808
1515
5872
2105
3765
8675
3524
7640
6715
8169
5658
4948
3578
8780
2850
1802
6075
5373
1784
4336
2722
9977
1071
6765
2314
9805
5286
1353
1706
2430
7135
9831
2847
1424
6176
6000
4671
2314
8849
9966
5468
9591
8616
8053
7787
1930
5964
3161
7256
8608
7960
3199
9110
7966
2606
4812
7017
6025
1761
7589
5543
4696
3988
8491
3440
7141
2178
3102
5531
7229
6296
6809
7615
5617
7456
4039
7080
8794
9966
7307
9243
2559
5530
2906
7344
1272
8330
5803
7420
9498
1602
4702
1531
4907
7558
6854
6356
9268
9002
8153
2692
3470
5065
8913
4756
6088
6612
8333
3976
4535
3670
5646
8121
3568
4137
2147
1311
4452
9697
2241
6100
4152
6182
5297
5756
7365
1077
2241
6153
6860
9772
4733
3847
4091
6560
2035
8674
5646
2891
4205
4836
7845
8205
1091
9692
4888
6527
2063
9322
5389
5054
4090
1078
1057
9161
7449
8902
9600
6615
6020
4054
1600
6734
7194
1257
1762
8842
8047
5095
8914
5949
4125
3681
4257
7983
9988
1218
8851
1027
2498
6308
8737
8645
3627
5860
3463
4841
3950
7150
4398
2492
8291
2764
3740
6351
9514
3326
2340
4688
1316
1892
4007
6384
3603
9374
3216
5850
8998
6075
1577
4885
2058
5427
2771
2565
2164
9871
7335
3725
4724
8270
3333
9430
7666
8428
1525
6364
4498
6199
5142
8563
1511
6576
5342
6868
9236
1800
5452
8265
7470
3262
9840
4768
4934
2122
3524
2324
6961
7667
4326
4940
2214
4392
4624
3957
1583
1762
9672
4227
1783
6997
7137
6568
1278
6463
2945
1228
6430
5234
5520
1276
2149
2879
6332
3315
6069
6029
2229
9484
1819
2882
4252
2135
3678
8922
8405
8492
4344
4202
9850
1875
9704
3982
3433
6540
6823
3485
6821
6345
7700
1182
4180
1630
6149
8930
2041
5306
7089
3297
8761
5572
6679
4370
6966
4861
2060
8372
4753
1243
4344
8930
5595
1936
6042
1671
3668
6703
7536
1670
2865
1217
9493
7801
4798
9512
7096
4673
2182
7239
4767
6131
4400
7387
9258
3015
1548
1480
9286
4115
7994
6012
5982
7401
9348
4325
2989
9877
8432
3280
9677
5960
2823
3046
9638
6923
3547
6653
9768
5100
7701
2296
2875
1285
2008
4584
4672
4839
4595
2643
7989
1624
8450
1419
7179
2818
7216
8226
9882
8568
9338
3509
8799
8006
4470
8669
9584
1085
3896
7569
1560
3720
8680
8828
3318
7581
2280
2310
3495
3401
3356
8397
8855
3950
9040
1067
5195
2345
2718
4828
9148
6412
6358
2862
9915
1544
3643
6896
3820
5026
2238
1517
4170
9577
3063
9509
8929
6897
4871
1869
9290
6210
5446
3009
9272
9116
7318
6823
9281
5489
6458
5716
2776
1445
6592
6672
9407
9663
1921
5981
3871
2922
1344
7455
7298
6673
6988
5286
6517
7824
7592
8637
4122
5534
1858
1281
4235
2424
2345
4617
4577
2891
8350
1582
2277
2784
7998
6079
4072
3966
8302
3019
3603
7876
4233
4709
1932
6994
4473
4022
1985
2075
7218
8261
2790
6632
9383
4000
2458
4480
9526
9929
5713
3437
7617
8644
1637
9534
8665
6892
6727
9868
3349
2424
7368
5156
8559
7060
2066
6219
1553
9966
5512
5461
4053
1070
7980
2139
6787
3340
8284
1651
1623
7751
6910
5111
9497
8732
9995
3010
9817
6004
4055
1681
1804
8745
8851
8514
6043
6578
6031
2494
2713
9910
9877
7889
1514
3187
9826
6228
8037
7403
7129
6763
5186
6934
5794
2531
8393
3460
6953
6075
7814
7231
7683
1707
6530
9935
2662
1533
5312
2482
3998
7927
6764
8682
4083
2437
9295
2529
1964
4160
4147
7768
3503
7580
9516
8806
7071
6996
3337
7899
7220
8878
8524
2242
1708
3787
2882
1163
8584
1131
8543
1329
5730
2685
8788
8623
7518
1782
9513
1953
9184
8239
9131
4771
1988
6684
5751
9324
4589
9540
7991
4775
4189
6695
9632
4381
6331
3143
8666
2370
8297
2897
9190
1213
6620
1104
4605
5845
9397
5586
7179
7916
6536
2482
5609
9003
4282
7967
2271
3231
2359
1872
6740
8082
8976
6686
2354
7175
1853
8815
5843
3679
5546
4187
4729
4253
7104
4660
4643
1357
5847
2938
9137
6568
4616
6579
2771
1021
6343
9465
5098
4648
7540
3276
5138
7426
3272
9851
9886
2301
7716
3347
3053
4742
1696
3089
5930
5052
8449
1380
1663
4094
6395
3038
7747
9541
9371
3096
7737
8912
2995
2155
1760
1862
1332
9102
1560
9332
9424
3003
9637
9252
8041
4390
7889
5635
4374
7594
4392
4749
2832
8238
2575
1648
6603
3077
8153
9512
7476
1644
7151
8013
4160
6754
4405
6930
7948
8567
1233
8075
4233
9923
1381
7095
8887
2339
1418
1284
6830
3055
9564
6021
9875
6959
1284
7604
8969
3232
5533
2832
9808
2023
6129
1635
9589
8994
5123
4504
4561
6274
5736
1331
6208
3648
9905
6606
9793
2316
1032
8525
8407
3639
6448
4415
3895
1255
9608
4388
9816
2665
2842
9884
2425
9887
1523
9333
2689
7625
1294
8098
5134
1029
2294
7569
4926
4630
7711
2050
4429
2287
2704
5548
4742
9574
4647
9614
4959
7255
8509
1439
1811
8803
3503
1944
1031
9886
6574
7641
9861
8684
8778
7597
7546
8927
2273
1734
7429
2457
3809
1062
2907
7722
2394
9253
2326
5122
7856
1068
3995
7490
1439
9283
3487
7131
9821
6932
3406
7206
4116
7021
5747
4841
1100
9163
1817
4310
7947
5867
8976
8201
1800
7948
1039
5856
5135
2616
5482
1184
8408
7735
1978
6597
4954
6672
9243
5012
6290
3035
8644
4967
8980
9654
9601
2726
2732
7465
4274
2515
5763
4137
6456
9801
6792
8094
4199
7085
5990
3034
4798
6961
8687
8215
1261
5914
1061
4406
9577
2372
7980
7452
9722
2472
9584
8296
8046
8590
9027
4159
3037
7897
3563
3951
5847
7735
4107
4310
6437
2169
1229
5298
6701
1806
7624
3365
3181
1846
3404
6297
7700
3152
8418
4420
1662
3927
3004
4337
2865
6277
8866
3072
9386
5366
3783
5562
5303
8734
5616
7385
1544
7210
7553
5636
3411
2132
2197
8920
3674
7038
6881
4125
6558
3864
6061
5713
8802
3975
1289
8957
6925
1089
4182
8524
5878
2397
9152
8123
9141
3412
4931
4157
9442
7333
4983
7915
5286
6379
1235
1319
4871
8327
3353
4198
5734
7657
9681
9673
2171
1936
6791
9853
4426
8629
5442
9052
7119
8948
4312
3881
1075
4105
3842
1606
1835
5167
4585
9357
9047
9198
5659
8003
4346
3315
4856
5308
6636
1415
5068
9296
2560
1597
1306
7692
7536
4144
4829
9496
5781
9331
5162
3121
9630
4338
6930
9387
1797
6964
2045
8464
3993
2450
7079
3096
1357
8016
3283
1346
9674
4208
6251
8236
3852
5975
5857
8701
2233
2962
6865
5939
6128
7141
5266
9341
6754
4785
4679
5701
2097
6438
5984
4378
9163
1661
6384
3588
6594
3680
6878
2057
8647
5170
1400
2812
1156
5502
6631
6240
3265
8015
7575
3833
5352
7874
2540
7942
3770
7511
1071
5352
7825
4380
6646
6471
6280
9286
7675
3262
2668
4377
6639
5179
3835
5281
7066
4212
2338
7816
1138
4007
4347
4627
6930
9061
1292
8603
8202
2023
5222
3706
4549
1539
3689
3608
9151
1133
7598
4876
9902
5393
8297
3144
5983
6462
5251
4348
1735
4671
7656
3781
7284
3419
9340
9006
5512
8062
4314
8223
7257
4437
1111
9786
3345
2989
2313
3436
4973
9594
2333
8144
6452
4769
1289
7053
4700
2369
8886
6585
2500
1691
3376
2102
3743
6973
3746
5279
7588
6405
1510
2115
5242
8693
7686
8656
1157
3641
2085
7619
7183
2814
7258
7936
8204
2071
5428
3081
9459
5384
8605
7081
3091
5618
6855
5131
6019
1164
1983
8667
6103
6773
7386
1225
5470
4671
5922
6857
7295
8748
3805
6204
9118
8514
2492
2213
7668
3470
3341
9920
3825
6217
7960
1432
4336
9851
6171
1649
4444
3023
6889
6581
6065
5136
3726
4022
1309
4649
7349
6141
1230
3746
6036
1695
4140
8162
9113
4915
5195
1075
2539
5195
7311
1110
9218
7092
6906
3846
1295
7437
1089
8410
8930
7763
7834
1933
5722
5268
7387
2946
9629
3112
4813
8203
1920
1451
8223
7391
4435
7541
2640
8354
9411
4898
5672
9560
6854
3312
2630
5449
3153
4883
9798
6606
5829
6366
8057
1148
1413
1295
4369
6889
8883
8720
1417
3869
2342
5118
2629
7466
6853
4026
3767
4127
7712
1379
2190
3288
8758
7515
2742
8479
8871
4037
1403
1333
7643
1431
5216
3564
4061
8426
1112
7525
8617
6790
5449
6728
6513
8542
1976
6810
3766
5321
2362
9033
4236
4364
8122
7115
7413
4136
8870
5014
6713
5733
4693
9163
3287
3607
4652
8821
9718
2756
6298
7069
3713
7943
9721
1174
8544
9955
5571
4433
2625
2822
4284
4414
2455
8699
5728
4807
9011
3212
7812
6302
2999
7563
7692
2238
6951
6489
6924
9941
8832
1000
9895
7303
8996
8257
3489
7610
5105
2801
2380
6183
1016
4930
1356
8679
2922
9127
8466
8817
2719
7542
1216
1414
7317
5798
5599
7800
1068
3395
6398
3403
5757
9976
4912
2607
7541
1230
9390
6969
3282
2142
4987
7119
8992
9796
3536
8808
7269
7952
1772
1537
9827
7997
4189
4747
2036
8451
2610
2103
3042
1930
3713
4385
4201
3842
4065
8046
5649
6963
6854
3112
2343
7052
5345
9593
1501
8721
9932
5004
6007
5172
2886
2127
2717
9720
1531
4063
6373
3975
3090
1665
6361
9366
6159
9178
8957
4334
8095
5783
4171
8159
4740
4417
2769
3760
2048
8447
5016
8979
1419
8464
8698
6306
7712
4729
5527
8051
6694
1166
3711
4258
8998
2275
1160
3718
9944
6465
9505
9303
9473
3783
1065
2267
4358
6730
4120
4198
6328
9092
1164
9524
7199
9051
4141
6258
2431
5964
7936
3848
4689
3992
2153
5824
2394
1649
4765
1635
1735
9366
4771
3761
5461
1572
8354
7635
5502
3885
1170
9222
6458
1502
5921
3964
1600
9942
6967
3943
3962
1890
2192
9460
6225
9367
1752
9967
3820
2979
2515
8418
3583
8212
1581
1148
5885
3949
1484
7793
5228
4349
5284
4590
6274
9422
6416
6324
3828
1228
9212
4610
2017
1238
9829
2735
1462
8877
5718
3236
2063
7519
5460
5725
9209
7782
1787
5380
2192
6682
4866
7667
9164
1700
7906
7300
5135
4833
2788
3086
5557
1572
6146
4116
5536
2034
9528
4329
8472
1118
5568
1148
4482
6246
2137
7172
6158
9453
2461
4311
2596
1666
7617
3906
3407
4352
3379
6389
6317
8960
8400
7152
4389
8333
1918
2191
3221
1552
1686
1812
6688
6439
9159
1871
8928
2074
6947
7641
3110
7207
6622
7190
2791
1582
3606
8089
7927
7649
5778
3284
3152
7017
6336
4048
7314
5164
4097
5310
1314
7807
1032
1341
2268
8160
8959
5862
4670
6438
6438
1401
5016
7231
4667
8620
4622
5180
1326
9677
2933
1574
6647
1284
1591
1940
7086
1955
6807
3500
8697
4592
3929
7551
9860
4142
1847
9292
8237
6036
7744
4499
4296
1938
9836
5443
9475
7417
5333
3377
2978
5790
1964
2741
8616
4328
9213
4245
8222
2150
8314
6642
6931
5810
7546
7203
3039
2832
1104
9377
1988
7655
8695
1999
7104
5903
2879
8620
4298
8275
2075
4401
2280
1233
3245
6264
9240
1307
8419
3966
5769
5785
5727
7345
7437
1358
5208
8574
6572
3779
7671
1547
1504
1000
9207
9686
4915
6877
8329
5117
5099
5948
2892
4674
9611
7533
6231
8406
2924
3258
6855
3547
3834
2389
4080
5310
6623
8256
9394
8717
1840
5920
6327
7240
6510
2139
1814
4244
7410
8091
9264
5876
4445
3529
4443
3409
3341
5632
7935
1874
3363
2357
2443
2637
4184
4646
4280
4726
1893
7297
3058
6767
1540
9009
4208
6009
3374
8153
6474
4881
9539
2186
8594
7842
2373
7958
7915
6152
5385
6586
1658
6185
8546
8298
1665
5775
9773
4853
1056
4010
1506
7729
6691
9687
9329
4632
7938
1284
4268
3302
5097
7491
3278
5515
9775
2764
3253
3494
6136
2088
7789
6865
7732
7744
5760
4732
5485
8345
2985
4181
3524
5335
9148
9774
3467
4804
2260
1850
8201
6669
3270
3798
1641
8204
1491
9756
4073
7959
2658
8638
7335
7022
6073
9011
3257
1666
8125
8310
7910
7757
1086
2966
2872
6069
8595
8496
2387
4741
6823
1827
3178
4341
9615
7022
7202
7951
4941
1279
2377
9335
7980
7075
3220
5887
8689
8352
4733
7196
7651
5621
8849
2425
6332
3030
4173
2841
1461
6494
9386
8429
3495
9466
7820
1107
6769
4286
4718
9083
1652
5128
9965
7222
5017
9072
9708
7255
4731
7228
1504
6478
9470
5106
9419
3748
1680
3842
3976
8118
1515
9749
1106
2337
2395
1921
4715
7038
1212
1759
5860
3721
1129
5535
6232
4625
6062
2272
9748
6051
9985
9947
3621
7402
5066
3887
9442
1868
3742
6333
2150
1174
5287
3603
8683
8685
2669
1004
4559
1286
3586
4948
5483
8643
5391
1043
5874
6757
1388
3294
3694
9854
1624
2342
6968
4281
6425
7438
1716
2037
9684
4588
5539
7903
2876
1592
2254
8485
2043
8041
9753
8221
3302
7001
9551
5312
4531
8200
1364
3516
1319
4501
3094
4989
8141
7881
3183
1257
5773
8439
8989
7412
3906
7608
7065
7444
6574
9729
6633
4224
7177
7247
4565
4821
2741
5373
6557
6309
5900
6971
8231
5215
6980
2931
5029
2436
8591
4845
3855
3100
5196
9520
7963
5901
5546
5053
4818
3785
1157
9610
2011
9384
6432
1711
4184
3735
7137
4636
2112
8105
4705
6041
3723
6502
9043
9482
4348
8442
4497
8260
4395
9278
3871
8218
7737
5772
5566
6670
9984
7855
3331
1793
6146
6821
7372
9839
1212
9208
2222
3368
6256
9393
8982
7440
1208
3459
7218
7073
9115
1426
3656
8248
4637
1089
9184
1590
2875
7187
1813
6128
2517
3922
4900
2364
7880
2840
3251
3901
7939
6921
8361
9720
5598
1867
2529
3454
9099
9536
1273
4016
1426
2474
6674
3136
6301
2954
2330
8608
1579
5207
8448
1394
5102
3673
1032
1554
1196
2354
9377
6918
6265
7105
7074
1718
3929
4140
4823
9138
6624
8394
5894
1363
5787
8560
4578
8140
7268
9198
3365
7095
8867
7293
6825
7119
4541
5124
1784
1433
7457
5742
9070
6173
2892
7079
9766
4053
4346
5413
9573
8726
1876
3180
3276
7179
2253
7100
2085
6652
2380
3350
1778
9724
3724
1885
7047
7656
6596
8107
5922
4144
7800
4388
8693
6159
8201
8677
7860
4934
3512
6625
4230
9351
6138
9999
2127
7088
7561
2101
3741
8837
9438
5533
6194
6208
6783
6628
3958
5544
6861
2858
6673
7991
8473
6592
4450
2720
4661
7406
1317
1266
4099
8265
9192
2981
8267
4468
3618
6024
5504
6563
9353
2066
5438
4049
6983
1345
7796
4964
5049
3182
3950
1147
3507
9809
7410
2958
2730
6586
5526
8803
8838
3660
9697
8977
7532
5706
6349
5010
6453
3987
1327
1684
4780
2929
8106
3771
4902
6950
7064
3365
4106
5597
3367
8131
5620
1568
1418
3050
6705
7178
5694
4217
3188
5139
1749
9421
6664
1549
5044
1341
6384
6520
8670
2727
6402
3056
4689
9590
4124
8478
4095
7783
6559
6163
4710
4918
5624
2028
1700
5998
1504
9945
7117
1864
7295
7670
8344
2990
8623
5682
1338
9939
5574
9328
4238
3612
1906
9659
3843
7970
6144
6620
9664
9494
3093
4623
7990
3751
1012
7553
4939
5917
9328
4908
2316
3157
4574
5309
7373
4822
8069
4316
7825
1292
7602
8012
7201
3103
3662
4121
1593
2776
1579
1728
8368
6459
6019
8360
3922
3714
4919
1775
4454
1922
2588
4051
9789
6325
7754
8002
6722
5040
4242
6623
4216
1106
7995
2951
7045
1027
1473
8864
7243
7327
7805
6832
2842
9561
1480
1690
6009
8366
2344
1947
7035
2828
6177
5277
8968
2860
4553
7326
3413
4434
2099
8779
1993
3410
3440
3986
9293
8656
4037
3533
5739
6217
4474
7390
6863
4812
7404
7850
7441
5757
3282
6032
2752
6638
8073
4727
8129
4430
5285
9653
7817
4105
8919
6336
5943
7295
3732
5473
7129
1607
5561
1054
9002
3077
3367
8276
3815
7777
4426
4918
4932
4728
2059
1481
6221
3856
9917
8112
9701
2838
6770
2548
8390
6327
3059
6422
7841
3986
6736
7875
9514
7554
6333
6707
2975
3558
7329
1521
6716
2671
2942
8835
8681
5438
4069
1518
3274
3899
2420
8467
7246
7676
1719
3610
8776
9015
4484
8736
8071
8344
6103
4632
6663
4682
4911
3815
5448
1696
2139
9516
8895
4744
8391
5051
8841
2306
5263
7682
3967
4330
7504
6580
9138
6731
2117
7493
8353
3703
3714
2317
7601
1860
3575
5392
5155
4719
2790
6487
3793
8900
7874
1410
2222
8199
7419
6412
1968
3688
6092
7119
1813
4626
9539
3918
3814
2964
9675
8204
7637
6354
1460
6098
1355
2764
3277
3725
3512
6190
5982
3051
5947
5379
7645
8830
3481
3848
6026
7783
8629
4762
5018
4120
3619
7253
5939
5033
2444
1833
2797
8981
8828
1660
7522
9424
3770
4396
7973
7199
2920
6959
5811
1705
6385
8471
4285
6545
7994
5823
4861
3161
5946
7329
5354
8638
8115
9105
8695
7047
2100
8667
4882
8083
1831
6919
9957
2590
4914
4095
9959
8667
4743
1881
4490
9487
6323
9816
7832
5757
2560
9461
8973
3206
7204
7780
4180
2267
6033
9366
3014
5524
5467
7644
2962
5216
6961
4103
1528
8967
7698
2960
3322
7960
4868
9218
6154
2198
9800
5499
4312
4879
5541
9544
8533
3726
9505
4484
1932
3141
3846
3949
3333
7650
8142
1154
4711
7902
2195
1221
3274
8143
4212
6445
1645
7666
2264
1577
5609
6620
6762
3458
2033
3281
9186
3882
5100
1608
2570
6558
4748
2069
5544
1718
2091
7492
5773
1424
5979
9354
2582
2311
2382
2050
8263
9528
3710
5091
5940
7613
9009
9253
5335
2198
9110
7726
3013
7772
2944
1996
1199
2874
5478
5979
8881
9815
3875
2853
3125
4247
4686
7741
6539
7117
1678
2842
6659
5696
9653
3480
5671
1916
4479
6484
3324
7040
6069
7341
1145
9349
5601
7876
3267
8099
5861
7366
6939
3242
9918
3997
6266
2268
4694
6088
9347
8472
4134
9682
8269
6479
6462
9488
6704
5572
7310
8547
7860
5548
8221
3850
7023
5121
2433
8947
4261
7970
1931
7009
3531
4900
2202
9385
6157
7746
7948
1255
3145
1703
8180
9952
4062
9220
4679
8248
1988
7543
5459
7688
2357
6817
4163
9193
3997
8433
4997
3118
8542
1717
4830
7715
5805
7274
1880
8165
8105
2205
8437
3958
8147
5678
1672
4241
7936
3024
6303
7024
3313
8617
6497
5639
4871
8655
1530
2396
3822
6315
1411
2276
6825
5327
9775
4592
9318
5373
8395
2827
9437
7653
2524
5409
5231
8476
2118
2412
5255
7073
9446
1166
1869
9984
2611
1937
5486
8106
9252
9948
7638
7509
1965
8970
4027
4492
8976
8149
5533
9280
1758
5131
7742
4871
9082
4411
7168
7438
8230
5987
8274
8853
7832
9627
4881
6968
6043
9247
9022
6923
8528
9425
8066
6986
4826
4443
8980
5749
7127
1715
2672
2733
3261
1600
4959
2585
8799
3374
4409
3173
7783
4489
2537
2542
6132
4223
1589
7485
4507
7546
8298
9416
2861
7931
4593
1827
6408
2427
2083
3747
1090
6067
5646
7329
1529
9246
5807
6425
4125
4398
7564
7637
4069
5499
6372
6608
2478
2533
5909
5188
4714
5789
4985
9676
4050
3702
8583
3412
5662
5591
8376
1731
1011
4644
5374
7587
5414
3284
5121
8444
5498
1622
7382
5551
4137
9551
8789
7496
4848
5305
7727
7348
4830
7693
6928
7591
1368
2889
1160
6885
1184
3227
8937
9076
8544
9037
6864
2908
6395
6409
5620
4208
5773
9293
1424
1393
4725
3881
3922
2043
9579
1397
6852
7208
3143
7885
4098
3509
2638
1870
7358
8525
1974
9240
7715
3493
6765
1780
9674
6728
2015
2671
8095
3835
7524
4241
1176
9852
9398
5638
7521
3408
7037
2527
9092
5084
9820
4755
4470
1985
1986
9630
6727
6532
2353
7637
5426
7623
8854
9111
3034
4731
2050
5528
4256
1868
5528
2215
6574
1168
6384
7891
5696
1100
2168
5931
3521
1695
2296
2969
5497
4656
1365
2231
7114
7495
4026
4398
4348
9679
5438
8694
7817
2075
9679
2358
4268
9866
8055
1314
7058
9726
4757
2883
6552
9521
1063
4068
9523
1507
2965
5975
1290
6079
3673
8607
3127
8455
5255
5892
5013
4022
2083
3891
4785
6439
6746
9394
9874
5370
7292
3265
6560
5541
7054
2347
2487
9210
3152
9276
3009
2579
3438
7897
5114
7291
4547
5603
4434
8364
8342
8182
1422
8012
5743
7341
9374
1816
5422
7452
1720
6203
5594
3905
5889
9571
1294
1610
2248
1242
7883
6624
7256
6342
6075
2924
3753
5702
8368
4492
3593
7887
1966
5916
5802
4465
1406
8623
4846
2537
8279
7983
1924
3707
5293
7094
3379
3245
4321
3411
8062
2197
1133
4833
2312
3686
9866
3948
1667
2416
3343
8626
4239
8263
4115
6901
7391
7390
1434
4835
1896
2874
2838
8602
8040
5329
3719
6539
1690
6602
9617
1091
3775
8174
3158
5659
5561
2015
4471
7446
2628
7774
8502
8365
2456
6217
5274
9940
5499
6256
5736
2856
5942
3337
7501
2757
9332
8073
3628
6020
3820
5887
6549
2417
7856
4984
4804
1111
7477
8259
5661
3857
2998
1859
9140
2976
6988
7707
4743
1800
3916
9668
8437
5257
2391
9725
9983
3017
5781
8025
5046
9041
4520
8431
6071
8573
9119
8638
5808
5145
6219
7079
4268
3088
7551
9445
7204
3855
2626
1711
4457
8054
1568
8210
9318
9488
9901
2695
8350
3628
2622
6237
3486
6335
6848
3937
8168
7386
1769
9918
5844
2192
1110
9421
4759
3025
1039
8608
6486
7679
9025
2893
9916
4068
6900
4067
9294
5639
8590
4414
5012
6316
6028
7763
2647
2952
1712
1957
4658
6441
2306
3095
9103
6057
2282
2844
1192
9683
1960
7138
1635
3483
1979
9601
3728
8168
9269
2549
3293
9490
5029
7314
6061
3442
8469
5807
9792
4692
3003
9112
2380
3289
1877
2171
9752
5355
7505
1726
9633
7879
5118
3686
7043
1389
2329
9534
3688
4637
9314
6019
5334
6096
2767
4163
9166
4078
1068
5038
2802
5328
5968
6643
7208
1853
5221
6499
5057
2109
4951
4029
8394
4490
9432
5744
4237
5924
5605
2202
3422
5273
4961
6348
4732
9492
4385
6732
6015
1370
3197
2596
5925
1133
3560
7290
8963
1829
7558
9742
5280
5250
7962
4931
8931
5604
5389
8760
2559
6923
4519
8003
4732
5962
5907
9784
9075
9406
8897
4842
1926
1329
1381
2342
3783
3046
4817
7339
7712
5337
8233
5697
7573
8007
3826
4998
2042
5513
3271
9524
5370
8979
9996
7493
3740
7456
8232
8140
6441
6568
7902
9409
9131
1084
6692
6391
6556
3099
4811
9115
6097
1272
8351
5242
4873
3661
4564
9618
6342
1784
8956
9665
8076
7027
9113
6176
2396
7485
9884
2154
6533
4438
4292
2660
4033
2208
1252
8788
7177
6883
6061
6780
2964
2154
7231
7629
5730
7699
6147
9037
4841
5864
7123
8533
7438
5097
5666
4009
6394
9061
1743
5300
3764
4321
8527
1812
9493
8844
9780
1906
2189
5815
5022
3008
1998
2431
5403
8172
7443
5071
1477
6743
7101
1174
2264
8845
9226
2632
7461
8197
1555
6342
9616
7662
5226
4779
2333
8730
1524
3709
8088
8276
1325
7427
3951
2552
4757
9165
6554
1275
3125
7634
1388
2965
4451
6244
7386
9318
4408
9156
1491
9873
8945
8680
9945
7130
4823
4896
6925
3430
2965
8449
9478
6559
4607
6648
4998
2324
4580
8265
9914
5676
3879
2665
3340
9276
8049
3535
3860
9457
5876
4578
3977
9391
7819
2062
2344
8857
6399
6986
8169
8861
1969
3501
1335
8726
2016
3101
2913
2041
6548
4124
7700
1741
1354
6882
8868
9230
4866
6311
4683
1138
9643
3560
6451
1258
2531
2503
5769
4317
7726
6051
2749
9312
5996
6775
2515
2973
6462
8976
8607
1603
4752
1535
1899
6442
5218
3631
3040
5046
9838
2047
3100
4972
1471
9534
3671
8730
2456
8547
8371
1080
7518
7455
6039
3922
4564
8206
5900
1344
4810
7844
3468
1109
1571
1105
6838
9583
9471
3659
6276
5637
2865
7533
9554
5433
1741
2808
9891
9957
4842
8379
8829
4722
8467
1215
8001
8625
8381
2026
2623
1764
6091
6810
1922
7134
9899
1467
5697
6790
7912
3840
1166
9393
4852
2528
2292
1892
2006
9469
1717
3828
9724
4867
7696
8287
4524
7653
9157
1487
3750
7553
9510
1200
6381
6326
5588
1026
5261
1899
1152
4033
7637
9517
9925
4396
9073
5685
9202
1498
2160
8962
8976
7077
4749
7217
9720
4870
3144
7809
2598
2899
1362
5774
5684
2023
9530
1188
1894
2669
5044
5767
5144
2098
9308
8041
9291
5385
6132
4074
7170
1017
1468
3062
8901
2675
3308
8117
4453
8389
2414
4647
3356
5590
4933
3123
4382
3301
6991
1166
4434
3293
8739
8296
9850
1018
2038
1110
2693
9454
7972
4324
4987
9225
9341
1175
1154
2339
2848
7044
2984
1407
4348
2178
2767
5157
2206
3208
4901
8055
5266
1759
5036
7348
9075
6442
4047
8130
7221
5470
9478
2498
2492
7519
2774
6083
5292
6229
8434
9746
6617
6636
6904
9420
5734
4444
2103
1858
2316
4982
1398
3223
8757
1859
8279
9055
6563
7420
3889
3839
7426
6690
6788
9007
5966
3272
4142
6115
5404
2247
3443
1871
5777
4665
9383
2944
1707
4481
3901
6807
2152
9700
1944
5090
1226
5229
3408
1887
9011
6723
7435
4549
3351
9351
3239
4247
7960
4215
5025
6394
7707
9532
7874
4099
7072
4442
1810
1723
2271
2259
9736
4834
9021
9172
4583
3446
7132
1723
2060
3978
7450
8710
5399
5402
7062
8368
4835
5526
5433
2505
3827
5181
8268
9911
1646
4237
5099
3962
5143
1583
1551
5653
2006
5168
7934
7727
4047
7018
3825
9626
1736
8101
9329
6863
3251
8104
6365
4512
6495
3598
4429
5802
3561
8947
4239
2142
4539
3240
3937
2225
1581
4204
9284
6546
5382
5199
1038
5027
3539
5009
9222
2851
6360
6422
7472
6692
6835
7572
6513
5495
6231
4954
9059
1536
3664
8477
1420
4178
5422
7157
9264
4640
2691
9757
3309
6842
6160
1627
6814
1803
6051
4279
2257
6859
3962
1246
1692
7599
8972
5376
8443
7513
1312
9606
6953
5314
6727
8656
5820
1744
4055
2658
4678
5711
8319
4303
2496
3296
8651
9694
9632
6028
6928
2541
1333
4963
2996
4284
2527
9266
4207
9381
6218
8955
2339
3755
4323
4416
9300
8264
2505
6511
4410
1809
6161
4860
7553
3395
6816
4073
4994
3643
9209
7119
1582
6907
4920
1816
2387
2632
2949
3309
7153
6364
1145
5796
1627
5758
1234
8877
5190
1073
7884
3169
8364
2782
3103
7873
5923
2310
4108
6092
4595
6908
3629
5922
3364
2479
1160
4643
3944
2201
2139
1883
1724
9751
5731
1015
5244
9829
4892
4306
7260
8322
4144
1760
5644
5858
2952
3209
2047
2304
5460
8683
4820
2327
6379
8146
1159
3760
2455
4984
4708
5523
6381
6450
2924
8406
8030
9239
9150
4040
7075
2066
2769
2404
7448
7990
7095
5237
3104
3155
8523
8068
9199
6816
5103
7604
2269
6154
7131
8725
4252
7653
9431
3947
3905
4913
4610
9190
4922
5514
3619
8279
2485
7362
5006
8410
5020
4229
5841
3996
5570
7905
5607
1740
2315
4704
9443
1267
3701
8026
6825
8091
4917
4623
4663
8628
9007
9523
1697
6377
4513
9280
3015
8267
6581
4946
7697
3451
6491
4031
9607
4011
2899
7995
5541
3188
2037
3445
2055
6215
7584
1070
5157
6321
4324
4701
8740
2610
2558
9407
5894
1271
2618
5590
3871
9038
2504
6258
9542
8800
6481
4107
3345
6429
5453
9089
7084
2393
2497
1426
3951
9696
4487
8921
9785
8431
1045
8473
5128
2477
7641
4795
9298
5378
2055
8295
8045
4483
2339
1728
9348
6018
1310
4832
3591
9529
7828
3189
5980
2665
2479
8212
7299
4944
9914
5861
3262
3351
7946
5738
2744
5948
2803
2057
8519
7798
8291
3753
4061
4860
6078
2157
4916
7732
3771
2231
6569
3785
7261
1067
2463
4413
8706
9266
1635
3946
3976
9734
1394
3959
1422
4408
1306
9312
8172
4329
1546
2421
7451
8592
7860
8619
4470
1998
3817
7568
5788
6113
9237
4770
9463
5045
9912
8666
4147
2991
1580
3681
8200
7223
8671
1994
7415
8781
1761
7792
9620
6662
2002
1352
7815
9512
5231
3957
8851
8574
5733
6482
5669
8666
8556
3719
7860
5375
7128
3042
5805
6758
7186
3772
3688
2251
7046
7989
2911
2671
5422
9730
1894
3313
5905
3837
6961
5070
9254
6073
1873
9678
9732
2349
5039
8410
3043
7402
8747
1099
6754
9239
9332
8572
6495
4761
8218
2718
5579
4639
5068
8533
4443
9336
4753
3413
2410
1446
6840
7754
7007
4015
3886
3560
9465
5766
6290
2171
9201
9895
5000
3841
5098
1274
9289
9899
9539
6078
1574
8700
6310
2485
2429
2584
7104
8276
6223
7860
1486
6754
1238
5412
6497
8221
2559
4745
7908
6349
7157
2012
6712
5352
7017
7724
3437
3476
2768
6040
3286
6800
1002
9807
4002
9273
9379
2052
7338
1738
9925
3691
6923
3083
6936
7958
9945
8770
4011
9602
9962
1323
5685
5069
7815
8276
8735
4895
2662
2979
9468
5834
2747
4435
4173
9921
4034
9870
2493
4792
4807
7740
1793
6280
7574
2368
4057
1944
1446
5447
5246
8577
1158
2828
6557
1895
8681
7400
8184
7082
3307
8554
1396
5807
8269
2814
5151
5182
6182
4939
3134
4356
9623
8656
4528
4152
2057
4521
7498
1617
8731
6546
9741
7965
4350
2981
9414
4601
2235
4605
9326
1412
6339
3555
4619
9453
2651
7827
6463
9294
1907
4561
5715
3570
7485
6142
7497
6542
7981
7286
7912
5623
5088
5967
9948
7076
6279
1479
5946
5948
9933
9045
9260
1726
4721
5386
1217
7694
9602
7895
5534
2387
3960
9542
3025
4164
2897
5486
6503
7439
4117
1613
9153
8863
9433
9800
5057
2668
3007
3534
9807
4109
5466
9387
5625
3159
7033
2316
3796
6977
2451
6257
6463
9398
8043
4366
2621
8421
4244
7955
8289
9728
4260
9773
8883
4236
8270
9135
3220
6165
6994
4563
1820
4987
4873
4205
8289
2381
8659
9477
7737
6951
5804
4935
9007
8353
7036
6273
9506
2201
5304
7259
2841
8859
4427
3218
1258
7028
3445
5314
4261
7479
6836
6017
9333
7901
8379
3946
8338
2053
8345
1558
5665
4747
8220
2177
4001
9499
5264
5924
5356
6221
8963
7022
8723
1971
5738
6591
5292
6198
7168
6363
2420
3958
3764
5788
7206
5960
1846
5022
6763
1979
7313
1030
1471
9223
5260
1864
5383
4946
2141
9620
3863
8332
7337
2639
1662
4674
3653
4147
1699
7357
7366
9343
1033
3036
4043
5565
8272
6377
6704
3766
8270
6343
4469
5930
3208
5505
2993
9031
4936
1444
7554
9296
1343
9752
7766
6790
8299
8344
4798
2020
4084
3829
5454
7998
2551
7392
9578
2948
2376
1623
3040
5045
6113
2312
8242
3336
9719
9516
2262
9034
5005
9179
4742
2334
6264
4668
8121
3888
1002
9024
9270
6167
1137
7267
9297
4658
9935
9051
7644
2269
2258
8727
1817
7218
3037
4902
7171
5537
4482
9678
2400
6604
8118
3000
3568
3966
2654
3160
3049
5307
4021
2262
4426
6418
6845
3504
7663
8744
3838
9336
9552
5747
4974
3707
7644
8156
5715
9384
7962
5023
9256
3974
8411
4742
1336
5615
3600
4912
1327
9636
6579
6264
8523
5337
7001
9602
7022
7103
4143
4302
4372
3380
1150
5481
7193
9436
4482
6519
3496
1762
8163
5722
1416
1822
2606
8381
5916
4101
3329
1021
1989
4098
4690
4736
5311
4044
8486
4364
6657
2664
1762
8961
8522
7315
9548
8137
4549
6256
7155
4850
5056
9362
1753
9164
4285
4587
8857
5680
7855
4907
9144
6164
2093
4844
9671
7484
2730
9808
5880
3115
9621
3187
4019
6480
7628
2111
4459
7689
7040
9841
2168
3892
4389
7893
1474
7279
5229
5359
6417
5649
9327
4224
9995
8104
1452
2892
9854
6772
2257
7438
1751
9069
8338
2398
6618
4410
1892
9816
7622
3278
3792
2264
6762
3369
7489
1073
1958
5913
3505
3595
9935
3879
7362
7259
5644
1351
1069
4684
1656
6868
4835
6565
1333
1660
4320
1535
9840
3430
5779
1040
4365
8051
7589
1454
9261
5433
5872
7078
6904
3547
3907
7558
6502
1268
2839
8117
1340
6195
4341
6505
8951
7795
6345
7206
7308
2949
4387
1317
1367
5625
4703
2805
8966
7496
7703
2819
7384
7992
4601
6676
4809
7875
9276
2394
6069
6053
4219
3008
5673
3230
2590
6027
9717
1970
8613
4864
6968
1802
4222
8393
7100
1690
8315
7881
7521
5749
5712
7383
8174
1075
5739
1227
2022
5507
5199
3794
2402
6190
6952
1404
7761
8160
9408
7801
7194
5535
7644
9774
8518
4830
3394
9296
7257
4010
3295
4317
4172
8116
1573
6818
9498
1034
2911
5348
5523
1826
2063
6252
7931
4588
9936
6012
6580
4932
7323
4970
3883
4477
7768
3505
5549
5940
7786
9291
7227
4012
7642
6531
4567
9198
3973
4363
4900
5093
8432
4080
6454
2608
4660
4177
8401
4554
6508
1319
9040
8513
7122
2348
3494
9171
4200
7436
7378
4205
7434
4454
5010
4366
9189
9640
3482
6350
6634
8425
8174
5998
3198
7583
4066
7719
1245
1605
9826
6528
3328
2119
4279
3773
6187
8533
6161
7953
6383
1488
2700
4479
6908
1890
2675
3702
1152
3220
9222
2110
5433
7183
1097
6491
5357
6161
2734
2418
8183
5315
8246
8340
2384
4519
5456
9910
4612
4575
7613
7410
1365
9557
2867
6209
5832
3023
3108
1019
6522
1820
2029
7550
6680
8429
4111
6812
2538
9830
7490
2882
8419
5692
9135
9770
8216
1622
1860
7420
3255
5568
3684
6044
2251
2809
5185
6311
2704
9430
8832
7205
1951
7129
5874
5503
1993
6954
7011
5418
2694
6826
8478
5080
8713
8849
8395
1219
1216
6328
2903
9995
5480
2929
5175
9247
1156
9596
4711
8883
8380
1575
5348
4283
3904
3626
6930
9916
5097
5055
8522
7788
6830
1777
1583
1674
7424
7791
5343
3052
3665
1774
9369
3685
7780
9162
1631
5130
9567
5583
4497
2477
2284
2256
2969
3076
4685
9015
9731
5147
4457
2611
2427
8408
7856
1443
2399
1381
5226
7589
8827
5117
5249
1521
3487
2348
6221
2662
1798
8753
1945
5475
6890
2962
8370
7113
6604
8024
7619
5492
9016
1333
8673
1383
3428
8436
2985
5629
3316
6528
2526
4810
1204
5721
3812
8795
4320
8241
8817
9531
1173
6114
4686
3917
8206
4320
9561
3338
7731
5327
1337
8882
9429
5943
3660